15 15 1699916172
21 17 1699916172
37 18 1699916172
49 19 1699916172
112 20 1699916172
129 23 1699916172
132 24 1699916172
142 25 1699916172
15 14.8932 1699916202
21 17.0273 1699916202
37 17.7527 1699916202
49 18.9967 1699916202
112 19.9703 1699916202
129 23.0939 1699916202
132 24.105 1699916202
142 24.8645 1699916202
15 14.9713 1699916232
21 16.8199 1699916232
37 17.609 1699916232
49 19.0587 1699916232
112 20.098 1699916232
129 23.1165 1699916232
132 24.3168 1699916232
142 24.852 1699916232
15 15.0613 1699916262
21 16.8397 1699916262
37 17.856 1699916262
49 19.1166 1699916262
112 20.1059 1699916262
129 23.2743 1699916262
132 24.1695 1699916262
142 24.6053 1699916262
15 14.9614 1699916292
21 17.022 1699916292
37 17.8185 1699916292
49 18.923 1699916292
112 20.2613 1699916292
129 23.4848 1699916292
132 24.3241 1699916292
142 24.5469 1699916292
15 15.0445 1699916322
21 17.2493 1699916322
37 17.7948 1699916322
49 19.1358 1699916322
112 20.1801 1699916322
129 23.437 1699916322
132 24.2992 1699916322
142 24.3731 1699916322
15 15.102 1699916352
21 17.3957 1699916352
37 17.9394 1699916352
49 18.9538 1699916352
112 20.3503 1699916352
129 23.4588 1699916352
132 24.194 1699916352
142 24.2025 1699916352
15 15.2332 1699916382
21 17.2455 1699916382
37 17.6986 1699916382
49 19.1372 1699916382
112 20.2032 1699916382
129 23.3346 1699916382
132 24.2092 1699916382
142 23.9953 1699916382
15 15.1212 1699916412
21 17.0716 1699916412
37 17.7915 1699916412
49 19.2216 1699916412
112 20.1797 1699916412
129 23.0862 1699916412
132 24.0037 1699916412
142 23.8815 1699916412
15 15.0945 1699916442
21 17.0121 1699916442
37 17.9505 1699916442
49 19.0556 1699916442
112 20.4043 1699916442
129 23.2241 1699916442
132 24.0849 1699916442
142 23.988 1699916442
15 15.1367 1699916472
21 17.2418 1699916472
37 18.0002 1699916472
49 19.2494 1699916472
112 20.2462 1699916472
129 22.9853 1699916472
132 24.0935 1699916472
142 23.7441 1699916472
15 15.1929 1699916502
21 17.4432 1699916502
37 18.2137 1699916502
49 19.4524 1699916502
112 20.1727 1699916502
129 22.9905 1699916502
132 24.0949 1699916502
142 23.4945 1699916502
15 15.4205 1699916532
21 17.3805 1699916532
37 18.0471 1699916532
49 19.3715 1699916532
112 20.3307 1699916532
129 22.9685 1699916532
132 23.902 1699916532
142 23.5706 1699916532
15 15.6608 1699916562
21 17.6063 1699916562
37 18.1573 1699916562
49 19.3482 1699916562
112 20.1878 1699916562
129 23.096 1699916562
132 24.106 1699916562
142 23.7829 1699916562
15 15.5568 1699916592
21 17.6316 1699916592
37 18.3803 1699916592
49 19.4058 1699916592
112 20.2723 1699916592
129 22.9842 1699916592
132 23.9659 1699916592
142 23.6098 1699916592
15 15.6246 1699916622
21 17.3974 1699916622
37 18.4161 1699916622
49 19.2184 1699916622
112 20.0302 1699916622
129 22.7894 1699916622
132 24.1736 1699916622
142 23.6971 1699916622
15 15.3974 1699916652
21 17.2516 1699916652
37 18.6525 1699916652
49 19.2144 1699916652
112 20.0144 1699916652
129 22.7391 1699916652
132 24.3585 1699916652
142 23.6499 1699916652
15 15.208 1699916682
21 17.485 1699916682
37 18.7067 1699916682
49 19.26 1699916682
112 19.9942 1699916682
129 22.9219 1699916682
132 24.5905 1699916682
142 23.5225 1699916682
15 14.9641 1699916712
21 17.4737 1699916712
37 18.6823 1699916712
49 19.3584 1699916712
112 20.0749 1699916712
129 22.8927 1699916712
132 24.6704 1699916712
142 23.401 1699916712
15 15.0958 1699916742
21 17.2342 1699916742
37 18.6717 1699916742
49 19.2942 1699916742
112 19.9956 1699916742
129 22.8756 1699916742
132 24.7335 1699916742
142 23.5445 1699916742
15 14.9289 1699916772
21 17.3736 1699916772
37 18.4973 1699916772
49 19.4287 1699916772
112 19.8902 1699916772
129 23.0063 1699916772
132 24.7195 1699916772
142 23.7189 1699916772
15 14.7553 1699916802
21 17.1521 1699916802
37 18.4169 1699916802
49 19.6697 1699916802
112 19.8957 1699916802
129 23.0192 1699916802
132 24.6521 1699916802
142 23.6451 1699916802
15 14.5464 1699916832
21 17.299 1699916832
37 18.341 1699916832
49 19.7674 1699916832
112 20.0358 1699916832
129 22.9601 1699916832
132 24.507 1699916832
142 23.8904 1699916832
15 14.7749 1699916862
21 17.4908 1699916862
37 18.3497 1699916862
49 19.7889 1699916862
112 20.2379 1699916862
129 22.7701 1699916862
132 24.3048 1699916862
142 24.0958 1699916862
15 14.8984 1699916892
21 17.6392 1699916892
37 18.2932 1699916892
49 19.6691 1699916892
112 20.1277 1699916892
129 22.8383 1699916892
132 24.5224 1699916892
142 24.1445 1699916892
15 14.8947 1699916922
21 17.4947 1699916922
37 18.3226 1699916922
49 19.8799 1699916922
112 20.3194 1699916922
129 22.7455 1699916922
132 24.5516 1699916922
142 24.2772 1699916922
15 15.0494 1699916952
21 17.6918 1699916952
37 18.1736 1699916952
49 19.784 1699916952
112 20.2568 1699916952
129 22.8178 1699916952
132 24.327 1699916952
142 24.2423 1699916952
15 15.1646 1699916982
21 17.8744 1699916982
37 18.231 1699916982
49 19.8945 1699916982
112 20.1952 1699916982
129 22.6524 1699916982
132 24.4697 1699916982
142 24.3657 1699916982
15 15.201 1699917012
21 18.0978 1699917012
37 18.1676 1699917012
49 19.8209 1699917012
112 20.1117 1699917012
129 22.8818 1699917012
132 24.4332 1699917012
142 24.4413 1699917012
15 15.2812 1699917042
21 17.9384 1699917042
37 18.1071 1699917042
49 19.9138 1699917042
112 20.1393 1699917042
129 22.9712 1699917042
132 24.2688 1699917042
142 24.5994 1699917042
15 15.1696 1699917072
21 17.798 1699917072
37 18.1347 1699917072
49 19.7788 1699917072
112 19.9951 1699917072
129 23.2115 1699917072
132 24.3237 1699917072
142 24.8213 1699917072
15 15.0161 1699917102
21 17.9108 1699917102
37 17.8973 1699917102
49 19.6971 1699917102
112 19.7609 1699917102
129 23.1506 1699917102
132 24.5338 1699917102
142 25.0485 1699917102
15 15.0021 1699917132
21 17.6769 1699917132
37 17.8253 1699917132
49 19.8136 1699917132
112 19.7406 1699917132
129 23.3991 1699917132
132 24.5405 1699917132
142 24.9003 1699917132
15 14.7621 1699917162
21 17.811 1699917162
37 18.0057 1699917162
49 20.0156 1699917162
112 19.9031 1699917162
129 23.4403 1699917162
132 24.7369 1699917162
142 24.8836 1699917162
15 14.7816 1699917192
21 18.0424 1699917192
37 18.2556 1699917192
49 19.9769 1699917192
112 20.0853 1699917192
129 23.6561 1699917192
132 24.6043 1699917192
142 24.6591 1699917192
15 14.5883 1699917222
21 17.8687 1699917222
37 18.3291 1699917222
49 20.1638 1699917222
112 20.1231 1699917222
129 23.6494 1699917222
132 24.4114 1699917222
142 24.4497 1699917222
15 14.6625 1699917252
21 17.8037 1699917252
37 18.2578 1699917252
49 19.9397 1699917252
112 20.3579 1699917252
129 23.4792 1699917252
132 24.606 1699917252
142 24.5369 1699917252
15 14.8063 1699917282
21 17.7968 1699917282
37 18.4052 1699917282
49 20.0476 1699917282
112 20.4821 1699917282
129 23.5271 1699917282
132 24.5912 1699917282
142 24.5237 1699917282
15 14.9149 1699917312
21 17.6887 1699917312
37 18.2417 1699917312
49 19.9467 1699917312
112 20.3892 1699917312
129 23.769 1699917312
132 24.6455 1699917312
142 24.6497 1699917312
15 14.9145 1699917342
21 17.8394 1699917342
37 18.4387 1699917342
49 19.9997 1699917342
112 20.5474 1699917342
129 23.6234 1699917342
132 24.5752 1699917342
142 24.4447 1699917342
15 14.7445 1699917372
21 18.0616 1699917372
37 18.4749 1699917372
49 20.1231 1699917372
112 20.355 1699917372
129 23.6833 1699917372
132 24.3749 1699917372
142 24.4258 1699917372
15 14.9004 1699917402
21 17.8634 1699917402
37 18.3664 1699917402
49 19.9801 1699917402
112 20.4341 1699917402
129 23.8975 1699917402
132 24.2825 1699917402
142 24.3779 1699917402
15 14.893 1699917432
21 17.8746 1699917432
37 18.2073 1699917432
49 19.8851 1699917432
112 20.3118 1699917432
129 24.0413 1699917432
132 24.2334 1699917432
142 24.5435 1699917432
15 14.7432 1699917462
21 17.8567 1699917462
37 18.2641 1699917462
49 20.0694 1699917462
112 20.3924 1699917462
129 24.002 1699917462
132 24.4222 1699917462
142 24.7852 1699917462
15 14.513 1699917492
21 18.0119 1699917492
37 18.2354 1699917492
49 20.0844 1699917492
112 20.4849 1699917492
129 23.8805 1699917492
132 24.5461 1699917492
142 24.9972 1699917492
15 14.5743 1699917522
21 18.0454 1699917522
37 18.2964 1699917522
49 20.1699 1699917522
112 20.3684 1699917522
129 24.0805 1699917522
132 24.4085 1699917522
142 25.2443 1699917522
15 14.5493 1699917552
21 18.2542 1699917552
37 18.5218 1699917552
49 20.1475 1699917552
112 20.4223 1699917552
129 24.3028 1699917552
132 24.4892 1699917552
142 25.3113 1699917552
15 14.3142 1699917582
21 18.4396 1699917582
37 18.5512 1699917582
49 20.0811 1699917582
112 20.6461 1699917582
129 24.0761 1699917582
132 24.4078 1699917582
142 25.0739 1699917582
15 14.3455 1699917612
21 18.3162 1699917612
37 18.7539 1699917612
49 19.8456 1699917612
112 20.4255 1699917612
129 24.0324 1699917612
132 24.5046 1699917612
142 24.8603 1699917612
15 14.2196 1699917642
21 18.4658 1699917642
37 18.9976 1699917642
49 19.622 1699917642
112 20.6008 1699917642
129 23.9609 1699917642
132 24.6134 1699917642
142 24.7892 1699917642
15 14.4352 1699917672
21 18.3827 1699917672
37 19.2462 1699917672
49 19.4651 1699917672
112 20.7202 1699917672
129 24.141 1699917672
132 24.5838 1699917672
142 24.9466 1699917672
15 14.6364 1699917702
21 18.4392 1699917702
37 19.4506 1699917702
49 19.225 1699917702
112 20.7722 1699917702
129 23.9525 1699917702
132 24.7989 1699917702
142 24.7273 1699917702
15 14.465 1699917732
21 18.2898 1699917732
37 19.3601 1699917732
49 19.0219 1699917732
112 20.6324 1699917732
129 24.1848 1699917732
132 24.9172 1699917732
142 24.7278 1699917732
15 14.3676 1699917762
21 18.4803 1699917762
37 19.3186 1699917762
49 18.9301 1699917762
112 20.3893 1699917762
129 24.1982 1699917762
132 24.908 1699917762
142 24.7499 1699917762
15 14.4319 1699917792
21 18.4727 1699917792
37 19.1341 1699917792
49 18.7968 1699917792
112 20.5834 1699917792
129 24.0291 1699917792
132 24.7409 1699917792
142 24.7785 1699917792
15 14.4305 1699917822
21 18.5748 1699917822
37 19.0557 1699917822
49 18.9642 1699917822
112 20.657 1699917822
129 24.0644 1699917822
132 24.8986 1699917822
142 24.7471 1699917822
15 14.4107 1699917852
21 18.521 1699917852
37 19.087 1699917852
49 18.8447 1699917852
112 20.519 1699917852
129 23.9233 1699917852
132 24.7941 1699917852
142 24.5099 1699917852
15 14.5873 1699917882
21 18.3252 1699917882
37 19.1358 1699917882
49 19.0909 1699917882
112 20.5385 1699917882
129 24.0808 1699917882
132 24.761 1699917882
142 24.7301 1699917882
15 14.6818 1699917912
21 18.159 1699917912
37 19.1764 1699917912
49 19.2601 1699917912
112 20.4406 1699917912
129 23.9241 1699917912
132 24.6312 1699917912
142 24.8652 1699917912
15 14.8998 1699917942
21 18.04 1699917942
37 19.008 1699917942
49 19.1723 1699917942
112 20.4439 1699917942
129 23.747 1699917942
132 24.5929 1699917942
142 24.6209 1699917942
15 14.6587 1699917972
21 18.1878 1699917972
37 19.1648 1699917972
49 19.3616 1699917972
112 20.5037 1699917972
129 23.551 1699917972
132 24.6164 1699917972
142 24.6485 1699917972
15 14.6705 1699918002
21 18.1528 1699918002
37 19.3898 1699918002
49 19.3885 1699918002
112 20.6618 1699918002
129 23.3235 1699918002
132 24.8146 1699918002
142 24.4101 1699918002
15 14.7538 1699918032
21 18.4007 1699918032
37 19.1635 1699918032
49 19.5858 1699918032
112 20.7034 1699918032
129 23.0893 1699918032
132 24.7593 1699918032
142 24.5364 1699918032
15 14.995 1699918062
21 18.563 1699918062
37 19.3969 1699918062
49 19.8124 1699918062
112 20.5453 1699918062
129 22.8832 1699918062
132 24.5719 1699918062
142 24.672 1699918062
15 14.8091 1699918092
21 18.7051 1699918092
37 19.3967 1699918092
49 19.7584 1699918092
112 20.4635 1699918092
129 22.747 1699918092
132 24.6324 1699918092
142 24.7624 1699918092
15 14.7668 1699918122
21 18.8368 1699918122
37 19.4049 1699918122
49 19.5429 1699918122
112 20.3908 1699918122
129 22.8154 1699918122
132 24.5741 1699918122
142 24.9918 1699918122
15 14.9551 1699918152
21 18.6567 1699918152
37 19.244 1699918152
49 19.5438 1699918152
112 20.5007 1699918152
129 22.9018 1699918152
132 24.4445 1699918152
142 25.1582 1699918152
15 14.8352 1699918182
21 18.8031 1699918182
37 19.1805 1699918182
49 19.354 1699918182
112 20.6222 1699918182
129 23.1306 1699918182
132 24.5768 1699918182
142 25.1784 1699918182
15 14.752 1699918212
21 18.8359 1699918212
37 19.3937 1699918212
49 19.2481 1699918212
112 20.6325 1699918212
129 22.9621 1699918212
132 24.4234 1699918212
142 25.1729 1699918212
15 14.6325 1699918242
21 18.9309 1699918242
37 19.2176 1699918242
49 19.3186 1699918242
112 20.8212 1699918242
129 22.8266 1699918242
132 24.4244 1699918242
142 25.1973 1699918242
15 14.7041 1699918272
21 18.9657 1699918272
37 19.4545 1699918272
49 19.2828 1699918272
112 20.7512 1699918272
129 22.9017 1699918272
132 24.4972 1699918272
142 25.1879 1699918272
15 14.9506 1699918302
21 18.9666 1699918302
37 19.3536 1699918302
49 19.1228 1699918302
112 20.8181 1699918302
129 22.7351 1699918302
132 24.5233 1699918302
142 25.0825 1699918302
15 14.7263 1699918332
21 18.8982 1699918332
37 19.1447 1699918332
49 18.974 1699918332
112 20.9844 1699918332
129 22.8102 1699918332
132 24.3412 1699918332
142 24.8812 1699918332
15 14.6573 1699918362
21 18.6629 1699918362
37 19.1409 1699918362
49 18.7888 1699918362
112 20.9834 1699918362
129 22.6808 1699918362
132 24.3248 1699918362
142 24.6437 1699918362
15 14.8802 1699918392
21 18.5632 1699918392
37 19.1989 1699918392
49 19.0312 1699918392
112 21.1158 1699918392
129 22.8403 1699918392
132 24.1928 1699918392
142 24.591 1699918392
15 15.01 1699918422
21 18.5247 1699918422
37 19.0893 1699918422
49 19.2777 1699918422
112 21.0387 1699918422
129 22.9399 1699918422
132 24.355 1699918422
142 24.6104 1699918422
15 15.1871 1699918452
21 18.7011 1699918452
37 18.898 1699918452
49 19.3691 1699918452
112 21.1387 1699918452
129 22.7135 1699918452
132 24.4181 1699918452
142 24.5668 1699918452
15 15.3339 1699918482
21 18.847 1699918482
37 18.7906 1699918482
49 19.4499 1699918482
112 21.1274 1699918482
129 22.9028 1699918482
132 24.5328 1699918482
142 24.4127 1699918482
15 15.5609 1699918512
21 18.6699 1699918512
37 18.6519 1699918512
49 19.603 1699918512
112 21.3672 1699918512
129 22.9862 1699918512
132 24.6436 1699918512
142 24.1888 1699918512
15 15.6978 1699918542
21 18.9167 1699918542
37 18.5821 1699918542
49 19.6117 1699918542
112 21.565 1699918542
129 22.9975 1699918542
132 24.4768 1699918542
142 24.1219 1699918542
15 15.8934 1699918572
21 18.8429 1699918572
37 18.8313 1699918572
49 19.4203 1699918572
112 21.329 1699918572
129 23.0587 1699918572
132 24.3522 1699918572
142 24.1781 1699918572
15 15.8332 1699918602
21 18.5982 1699918602
37 18.8001 1699918602
49 19.3826 1699918602
112 21.1117 1699918602
129 22.8474 1699918602
132 24.2093 1699918602
142 24.1357 1699918602
15 16.0643 1699918632
21 18.5828 1699918632
37 18.5646 1699918632
49 19.1556 1699918632
112 21.2167 1699918632
129 22.9467 1699918632
132 24.1718 1699918632
142 24.0095 1699918632
15 15.9039 1699918662
21 18.6204 1699918662
37 18.3168 1699918662
49 19.3715 1699918662
112 21.2889 1699918662
129 22.7929 1699918662
132 24.1193 1699918662
142 24.0114 1699918662
15 16.1324 1699918692
21 18.5038 1699918692
37 18.4874 1699918692
49 19.2805 1699918692
112 21.4726 1699918692
129 22.6224 1699918692
132 24.1679 1699918692
142 24.1851 1699918692
15 16.3504 1699918722
21 18.73 1699918722
37 18.4517 1699918722
49 19.1531 1699918722
112 21.6834 1699918722
129 22.8184 1699918722
132 24.2571 1699918722
142 24.4159 1699918722
15 16.2083 1699918752
21 18.7027 1699918752
37 18.4485 1699918752
49 19.143 1699918752
112 21.6362 1699918752
129 22.7615 1699918752
132 24.284 1699918752
142 24.2103 1699918752
15 16.3917 1699918782
21 18.4735 1699918782
37 18.4917 1699918782
49 19.2904 1699918782
112 21.8617 1699918782
129 22.5856 1699918782
132 24.4884 1699918782
142 23.9798 1699918782
15 16.4922 1699918812
21 18.3663 1699918812
37 18.4502 1699918812
49 19.175 1699918812
112 21.8804 1699918812
129 22.5239 1699918812
132 24.6548 1699918812
142 24.0646 1699918812
15 16.3853 1699918842
21 18.2196 1699918842
37 18.448 1699918842
49 19.1524 1699918842
112 21.9412 1699918842
129 22.6851 1699918842
132 24.7426 1699918842
142 23.9053 1699918842
15 16.2015 1699918872
21 18.1305 1699918872
37 18.614 1699918872
49 18.9117 1699918872
112 21.7164 1699918872
129 22.5278 1699918872
132 24.8493 1699918872
142 24.1427 1699918872
15 16.1063 1699918902
21 18.1281 1699918902
37 18.8225 1699918902
49 19.0312 1699918902
112 21.5423 1699918902
129 22.3773 1699918902
132 25.0483 1699918902
142 23.9984 1699918902
15 16.0999 1699918932
21 18.2953 1699918932
37 18.7399 1699918932
49 19.0475 1699918932
112 21.6469 1699918932
129 22.4615 1699918932
132 25.185 1699918932
142 24.0882 1699918932
15 16.1203 1699918962
21 18.1228 1699918962
37 18.5537 1699918962
49 19.0659 1699918962
112 21.7678 1699918962
129 22.5043 1699918962
132 25.2542 1699918962
142 23.8594 1699918962
15 16.0799 1699918992
21 17.965 1699918992
37 18.5402 1699918992
49 18.8826 1699918992
112 21.5976 1699918992
129 22.3143 1699918992
132 25.0819 1699918992
142 23.6311 1699918992
15 16.2896 1699919022
21 18.0212 1699919022
37 18.4516 1699919022
49 18.7331 1699919022
112 21.5369 1699919022
129 22.415 1699919022
132 25.2925 1699919022
142 23.7834 1699919022
15 16.2355 1699919052
21 17.9125 1699919052
37 18.4021 1699919052
49 18.8899 1699919052
112 21.7581 1699919052
129 22.4926 1699919052
132 25.5124 1699919052
142 23.9831 1699919052
15 16.0626 1699919082
21 17.8212 1699919082
37 18.3309 1699919082
49 18.6718 1699919082
112 21.5222 1699919082
129 22.6554 1699919082
132 25.5478 1699919082
142 23.9882 1699919082
15 16.1036 1699919112
21 17.9355 1699919112
37 18.5529 1699919112
49 18.7658 1699919112
112 21.5147 1699919112
129 22.6207 1699919112
132 25.431 1699919112
142 24.034 1699919112
15 16.0639 1699919142
21 17.7449 1699919142
37 18.692 1699919142
49 18.8587 1699919142
112 21.6163 1699919142
129 22.8356 1699919142
132 25.352 1699919142
142 24.1041 1699919142
